# Created by Octave 3.8.1, Sat Jun 28 16:56:09 2014 IST <jinank@turingmachine>
# name: c4n
# type: matrix
# rows: 23
# columns: 2
 0 0
 1 0
 2 0
 2 1
 1 1
 0 1
 0.5 0.5
 1.5 0.5
 0.5 0
 1.5 0
 2 0.5
 1 0.5
 1.5 1
 0 0.5
 0.5 1
 0.25 0.25
 0.75 0.25
 0.75 0.75
 0.25 0.75
 1.25 0.25
 1.75 0.25
 1.75 0.75
 1.25 0.75


