# Created by Octave 3.8.1, Sat Jun 28 12:21:33 2014 IST <jinank@turingmachine>
# name: n4e
# type: matrix
# rows: 128
# columns: 3
 1 24 38
 24 9 40
 40 38 24
 38 40 16
 9 25 44
 25 2 42
 42 44 25
 44 42 17
 17 46 44
 46 16 40
 40 44 46
 44 40 9
 16 46 39
 46 17 43
 43 39 46
 39 43 7
 2 30 42
 30 12 45
 45 42 30
 42 45 17
 12 31 49
 31 5 47
 47 49 31
 49 47 18
 18 51 49
 51 17 45
 45 49 51
 49 45 12
 17 51 43
 51 18 48
 48 43 51
 43 48 7
 5 36 47
 36 15 50
 50 47 36
 47 50 18
 15 37 55
 37 6 52
 52 55 37
 55 52 19
 19 57 55
 57 18 50
 50 55 57
 55 50 15
 18 57 48
 57 19 53
 53 48 57
 48 53 7
 6 35 52
 35 14 54
 54 52 35
 52 54 19
 14 34 41
 34 1 38
 38 41 34
 41 38 16
 16 56 41
 56 19 54
 54 41 56
 41 54 14
 19 56 53
 56 16 39
 39 53 56
 53 39 7
 2 26 58
 26 10 60
 60 58 26
 58 60 20
 10 27 64
 27 3 62
 62 64 27
 64 62 21
 21 66 64
 66 20 60
 60 64 66
 64 60 10
 20 66 59
 66 21 63
 63 59 66
 59 63 8
 3 28 62
 28 11 65
 65 62 28
 62 65 21
 11 29 69
 29 4 67
 67 69 29
 69 67 22
 22 71 69
 71 21 65
 65 69 71
 69 65 11
 21 71 63
 71 22 68
 68 63 71
 63 68 8
 4 32 67
 32 13 70
 70 67 32
 67 70 22
 13 33 75
 33 5 72
 72 75 33
 75 72 23
 23 77 75
 77 22 70
 70 75 77
 75 70 13
 22 77 68
 77 23 73
 73 68 77
 68 73 8
 5 31 72
 31 12 74
 74 72 31
 72 74 23
 12 30 61
 30 2 58
 58 61 30
 61 58 20
 20 76 61
 76 23 74
 74 61 76
 61 74 12
 23 76 73
 76 20 59
 59 73 76
 73 59 8


