# Created by Octave 3.8.1, Sat Jun 28 16:56:39 2014 IST <jinank@turingmachine>
# name: n4sDb
# type: matrix
# rows: 12
# columns: 2
 1 9
 9 2
 2 10
 10 3
 3 11
 11 4
 4 13
 13 5
 5 15
 15 6
 6 14
 14 1


