# Created by Octave 3.8.1, Tue Jun 24 11:03:48 2014 IST <jinank@turingmachine>
# name: c4n
# type: matrix
# rows: 281
# columns: 2
 0 0
 1 0
 2 0
 2 1
 1 1
 0 1
 0.5 0.5
 1.5 0.5
 0.5 0
 1.5 0
 2 0.5
 1 0.5
 1.5 1
 0 0.5
 0.5 1
 0.25 0.25
 0.75 0.25
 0.75 0.75
 0.25 0.75
 1.25 0.25
 1.75 0.25
 1.75 0.75
 1.25 0.75
 0.25 0
 0.75 0
 1.25 0
 1.75 0
 2 0.25
 2 0.75
 1 0.25
 1 0.75
 1.75 1
 1.25 1
 0 0.25
 0 0.75
 0.75 1
 0.25 1
 0.125 0.125
 0.375 0.375
 0.375 0.125
 0.125 0.375
 0.875 0.125
 0.625 0.375
 0.625 0.125
 0.875 0.375
 0.5 0.25
 0.875 0.875
 0.625 0.625
 0.875 0.625
 0.625 0.875
 0.75 0.5
 0.125 0.875
 0.375 0.625
 0.125 0.625
 0.375 0.875
 0.25 0.5
 0.5 0.75
 1.125 0.125
 1.375 0.375
 1.375 0.125
 1.125 0.375
 1.875 0.125
 1.625 0.375
 1.625 0.125
 1.875 0.375
 1.5 0.25
 1.875 0.875
 1.625 0.625
 1.875 0.625
 1.625 0.875
 1.75 0.5
 1.125 0.875
 1.375 0.625
 1.125 0.625
 1.375 0.875
 1.25 0.5
 1.5 0.75
 0.125 0
 0.375 0
 0.875 0
 0.625 0
 1.125 0
 1.375 0
 1.875 0
 1.625 0
 2 0.125
 2 0.375
 2 0.875
 2 0.625
 1 0.125
 1 0.375
 1 0.875
 1 0.625
 1.875 1
 1.625 1
 1.125 1
 1.375 1
 0 0.125
 0 0.375
 0 0.875
 0 0.625
 0.875 1
 0.625 1
 0.125 1
 0.375 1
 0.0625 0.0625
 0.1875 0.1875
 0.1875 0.0625
 0.0625 0.1875
 0.4375 0.4375
 0.3125 0.3125
 0.4375 0.0625
 0.3125 0.1875
 0.3125 0.0625
 0.25 0.125
 0.0625 0.4375
 0.1875 0.3125
 0.0625 0.3125
 0.125 0.25
 0.9375 0.0625
 0.8125 0.1875
 0.8125 0.0625
 0.9375 0.1875
 0.5625 0.4375
 0.6875 0.3125
 0.5 0.375
 0.5625 0.0625
 0.6875 0.1875
 0.6875 0.0625
 0.5 0.125
 0.75 0.125
 0.9375 0.4375
 0.8125 0.3125
 0.9375 0.3125
 0.875 0.25
 0.375 0.25
 0.625 0.25
 0.4375 0.3125
 0.4375 0.1875
 0.5625 0.3125
 0.5625 0.1875
 0.9375 0.9375
 0.8125 0.8125
 0.9375 0.8125
 0.8125 0.9375
 0.5625 0.5625
 0.6875 0.6875
 0.625 0.5
 0.9375 0.5625
 0.8125 0.6875
 0.9375 0.6875
 0.875 0.5
 0.875 0.75
 0.5625 0.9375
 0.6875 0.8125
 0.6875 0.9375
 0.75 0.875
 0.75 0.375
 0.75 0.625
 0.6875 0.4375
 0.8125 0.4375
 0.6875 0.5625
 0.8125 0.5625
 0.0625 0.9375
 0.1875 0.8125
 0.0625 0.8125
 0.1875 0.9375
 0.4375 0.5625
 0.3125 0.6875
 0.375 0.5
 0.5 0.625
 0.0625 0.5625
 0.1875 0.6875
 0.0625 0.6875
 0.125 0.5
 0.125 0.75
 0.4375 0.9375
 0.3125 0.8125
 0.3125 0.9375
 0.5 0.875
 0.25 0.875
 0.25 0.375
 0.25 0.625
 0.3125 0.4375
 0.1875 0.4375
 0.3125 0.5625
 0.1875 0.5625
 0.625 0.75
 0.375 0.75
 0.5625 0.6875
 0.5625 0.8125
 0.4375 0.6875
 0.4375 0.8125
 1.0625 0.0625
 1.1875 0.1875
 1.1875 0.0625
 1.0625 0.1875
 1.4375 0.4375
 1.3125 0.3125
 1.4375 0.0625
 1.3125 0.1875
 1.3125 0.0625
 1.25 0.125
 1.0625 0.4375
 1.1875 0.3125
 1.0625 0.3125
 1.125 0.25
 1.9375 0.0625
 1.8125 0.1875
 1.8125 0.0625
 1.9375 0.1875
 1.5625 0.4375
 1.6875 0.3125
 1.5 0.375
 1.5625 0.0625
 1.6875 0.1875
 1.6875 0.0625
 1.5 0.125
 1.75 0.125
 1.9375 0.4375
 1.8125 0.3125
 1.9375 0.3125
 1.875 0.25
 1.375 0.25
 1.625 0.25
 1.4375 0.3125
 1.4375 0.1875
 1.5625 0.3125
 1.5625 0.1875
 1.9375 0.9375
 1.8125 0.8125
 1.9375 0.8125
 1.8125 0.9375
 1.5625 0.5625
 1.6875 0.6875
 1.625 0.5
 1.9375 0.5625
 1.8125 0.6875
 1.9375 0.6875
 1.875 0.5
 1.875 0.75
 1.5625 0.9375
 1.6875 0.8125
 1.6875 0.9375
 1.75 0.875
 1.75 0.375
 1.75 0.625
 1.6875 0.4375
 1.8125 0.4375
 1.6875 0.5625
 1.8125 0.5625
 1.0625 0.9375
 1.1875 0.8125
 1.0625 0.8125
 1.1875 0.9375
 1.4375 0.5625
 1.3125 0.6875
 1.375 0.5
 1.5 0.625
 1.0625 0.5625
 1.1875 0.6875
 1.0625 0.6875
 1.125 0.5
 1.125 0.75
 1.4375 0.9375
 1.3125 0.8125
 1.3125 0.9375
 1.5 0.875
 1.25 0.875
 1.25 0.375
 1.25 0.625
 1.3125 0.4375
 1.1875 0.4375
 1.3125 0.5625
 1.1875 0.5625
 1.625 0.75
 1.375 0.75
 1.5625 0.6875
 1.5625 0.8125
 1.4375 0.6875
 1.4375 0.8125


