# Created by Octave 3.8.1, Tue Jun 24 11:04:38 2014 IST <jinank@turingmachine>
# name: n4sDb
# type: matrix
# rows: 48
# columns: 2
 1 78
 78 24
 24 79
 79 9
 9 81
 81 25
 25 80
 80 2
 2 82
 82 26
 26 83
 83 10
 10 85
 85 27
 27 84
 84 3
 3 86
 86 28
 28 87
 87 11
 11 89
 89 29
 29 88
 88 4
 4 94
 94 32
 32 95
 95 13
 13 97
 97 33
 33 96
 96 5
 5 102
 102 36
 36 103
 103 15
 15 105
 105 37
 37 104
 104 6
 6 100
 100 35
 35 101
 101 14
 14 99
 99 34
 34 98
 98 1


