# Created by Octave 3.8.1, Tue Jul 15 13:10:08 2014 IST <jinank@turingmachine>
# name: l1spaceesti
# type: matrix
# rows: 4
# columns: 1
 0.2929032460975828
 0.07390440885581238
 0.01868881910636273
 0.004727107278260157


