# Created by Octave 3.8.1, Tue Jul 15 13:10:47 2014 IST <jinank@turingmachine>
# name: l1timeesti
# type: matrix
# rows: 4
# columns: 1
 0.1009242623771499
 0.04982607804621696
 0.02478620657990564
 0.0123662559363341


