# Created by Octave 3.8.1, Tue Jul 15 13:11:13 2014 IST <jinank@turingmachine>
# name: l2timeh1spaceesti
# type: matrix
# rows: 4
# columns: 1
 0.8380038118288334
 0.7084673484981705
 0.3516575765267951
 0.1749022911893843


