# Created by Octave 3.8.1, Tue Jul 15 13:10:15 2014 IST <jinank@turingmachine>
# name: maxl2reconsesti
# type: matrix
# rows: 4
# columns: 1
 0.4421277061371242
 0.1309975091247552
 0.03686631265209805
 0.01011233793911837


