# Created by Octave 3.8.1, Tue Jun 24 11:04:17 2014 IST <jinank@turingmachine>
# name: n4e
# type: matrix
# rows: 512
# columns: 3
 1 78 106
 78 24 108
 108 106 78
 106 108 38
 24 79 114
 79 9 112
 112 114 79
 114 112 40
 40 115 114
 115 38 108
 108 114 115
 114 108 24
 38 115 107
 115 40 113
 113 107 115
 107 113 16
 9 81 127
 81 25 129
 129 127 81
 127 129 44
 25 80 122
 80 2 120
 120 122 80
 122 120 42
 42 131 122
 131 44 129
 129 122 131
 122 129 25
 44 131 128
 131 42 121
 121 128 131
 128 121 17
 17 137 128
 137 46 141
 141 128 137
 128 141 44
 46 136 139
 136 16 113
 113 139 136
 139 113 40
 40 130 139
 130 44 141
 141 139 130
 139 141 46
 44 130 127
 130 40 112
 112 127 130
 127 112 9
 16 136 111
 136 46 138
 138 111 136
 111 138 39
 46 137 140
 137 17 125
 125 140 137
 140 125 43
 43 126 140
 126 39 138
 138 140 126
 140 138 46
 39 126 110
 126 43 124
 124 110 126
 110 124 7
 2 90 120
 90 30 123
 123 120 90
 120 123 42
 30 91 134
 91 12 132
 132 134 91
 134 132 45
 45 135 134
 135 42 123
 123 134 135
 134 123 30
 42 135 121
 135 45 133
 133 121 135
 121 133 17
 12 93 149
 93 31 151
 151 149 93
 149 151 49
 31 92 144
 92 5 142
 142 144 92
 144 142 47
 47 153 144
 153 49 151
 151 144 153
 144 151 31
 49 153 150
 153 47 143
 143 150 153
 150 143 18
 18 159 150
 159 51 163
 163 150 159
 150 163 49
 51 158 161
 158 17 133
 133 161 158
 161 133 45
 45 152 161
 152 49 163
 163 161 152
 161 163 51
 49 152 149
 152 45 132
 132 149 152
 149 132 12
 17 158 125
 158 51 160
 160 125 158
 125 160 43
 51 159 162
 159 18 147
 147 162 159
 162 147 48
 48 148 162
 148 43 160
 160 162 148
 162 160 51
 43 148 124
 148 48 146
 146 124 148
 124 146 7
 5 102 142
 102 36 145
 145 142 102
 142 145 47
 36 103 156
 103 15 154
 154 156 103
 156 154 50
 50 157 156
 157 47 145
 145 156 157
 156 145 36
 47 157 143
 157 50 155
 155 143 157
 143 155 18
 15 105 177
 105 37 179
 179 177 105
 177 179 55
 37 104 167
 104 6 164
 164 167 104
 167 164 52
 52 181 167
 181 55 179
 179 167 181
 167 179 37
 55 181 178
 181 52 165
 165 178 181
 178 165 19
 19 189 178
 189 57 193
 193 178 189
 178 193 55
 57 188 191
 188 18 155
 155 191 188
 191 155 50
 50 180 191
 180 55 193
 193 191 180
 191 193 57
 55 180 177
 180 50 154
 154 177 180
 177 154 15
 18 188 147
 188 57 190
 190 147 188
 147 190 48
 57 189 192
 189 19 169
 169 192 189
 192 169 53
 53 171 192
 171 48 190
 190 192 171
 192 190 57
 48 171 146
 171 53 168
 168 146 171
 146 168 7
 6 100 164
 100 35 166
 166 164 100
 164 166 52
 35 101 174
 101 14 172
 172 174 101
 174 172 54
 54 176 174
 176 52 166
 166 174 176
 174 166 35
 52 176 165
 176 54 173
 173 165 176
 165 173 19
 14 99 116
 99 34 118
 118 116 99
 116 118 41
 34 98 109
 98 1 106
 106 109 98
 109 106 38
 38 119 109
 119 41 118
 118 109 119
 109 118 34
 41 119 117
 119 38 107
 107 117 119
 117 107 16
 16 182 117
 182 56 185
 185 117 182
 117 185 41
 56 183 187
 183 19 173
 173 187 183
 187 173 54
 54 175 187
 175 41 185
 185 187 175
 187 185 56
 41 175 116
 175 54 172
 172 116 175
 116 172 14
 19 183 169
 183 56 186
 186 169 183
 169 186 53
 56 182 184
 182 16 111
 111 184 182
 184 111 39
 39 170 184
 170 53 186
 186 184 170
 184 186 56
 53 170 168
 170 39 110
 110 168 170
 168 110 7
 2 82 194
 82 26 196
 196 194 82
 194 196 58
 26 83 202
 83 10 200
 200 202 83
 202 200 60
 60 203 202
 203 58 196
 196 202 203
 202 196 26
 58 203 195
 203 60 201
 201 195 203
 195 201 20
 10 85 215
 85 27 217
 217 215 85
 215 217 64
 27 84 210
 84 3 208
 208 210 84
 210 208 62
 62 219 210
 219 64 217
 217 210 219
 210 217 27
 64 219 216
 219 62 209
 209 216 219
 216 209 21
 21 225 216
 225 66 229
 229 216 225
 216 229 64
 66 224 227
 224 20 201
 201 227 224
 227 201 60
 60 218 227
 218 64 229
 229 227 218
 227 229 66
 64 218 215
 218 60 200
 200 215 218
 215 200 10
 20 224 199
 224 66 226
 226 199 224
 199 226 59
 66 225 228
 225 21 213
 213 228 225
 228 213 63
 63 214 228
 214 59 226
 226 228 214
 228 226 66
 59 214 198
 214 63 212
 212 198 214
 198 212 8
 3 86 208
 86 28 211
 211 208 86
 208 211 62
 28 87 222
 87 11 220
 220 222 87
 222 220 65
 65 223 222
 223 62 211
 211 222 223
 222 211 28
 62 223 209
 223 65 221
 221 209 223
 209 221 21
 11 89 237
 89 29 239
 239 237 89
 237 239 69
 29 88 232
 88 4 230
 230 232 88
 232 230 67
 67 241 232
 241 69 239
 239 232 241
 232 239 29
 69 241 238
 241 67 231
 231 238 241
 238 231 22
 22 247 238
 247 71 251
 251 238 247
 238 251 69
 71 246 249
 246 21 221
 221 249 246
 249 221 65
 65 240 249
 240 69 251
 251 249 240
 249 251 71
 69 240 237
 240 65 220
 220 237 240
 237 220 11
 21 246 213
 246 71 248
 248 213 246
 213 248 63
 71 247 250
 247 22 235
 235 250 247
 250 235 68
 68 236 250
 236 63 248
 248 250 236
 250 248 71
 63 236 212
 236 68 234
 234 212 236
 212 234 8
 4 94 230
 94 32 233
 233 230 94
 230 233 67
 32 95 244
 95 13 242
 242 244 95
 244 242 70
 70 245 244
 245 67 233
 233 244 245
 244 233 32
 67 245 231
 245 70 243
 243 231 245
 231 243 22
 13 97 265
 97 33 267
 267 265 97
 265 267 75
 33 96 255
 96 5 252
 252 255 96
 255 252 72
 72 269 255
 269 75 267
 267 255 269
 255 267 33
 75 269 266
 269 72 253
 253 266 269
 266 253 23
 23 277 266
 277 77 281
 281 266 277
 266 281 75
 77 276 279
 276 22 243
 243 279 276
 279 243 70
 70 268 279
 268 75 281
 281 279 268
 279 281 77
 75 268 265
 268 70 242
 242 265 268
 265 242 13
 22 276 235
 276 77 278
 278 235 276
 235 278 68
 77 277 280
 277 23 257
 257 280 277
 280 257 73
 73 259 280
 259 68 278
 278 280 259
 280 278 77
 68 259 234
 259 73 256
 256 234 259
 234 256 8
 5 92 252
 92 31 254
 254 252 92
 252 254 72
 31 93 262
 93 12 260
 260 262 93
 262 260 74
 74 264 262
 264 72 254
 254 262 264
 262 254 31
 72 264 253
 264 74 261
 261 253 264
 253 261 23
 12 91 204
 91 30 206
 206 204 91
 204 206 61
 30 90 197
 90 2 194
 194 197 90
 197 194 58
 58 207 197
 207 61 206
 206 197 207
 197 206 30
 61 207 205
 207 58 195
 195 205 207
 205 195 20
 20 270 205
 270 76 273
 273 205 270
 205 273 61
 76 271 275
 271 23 261
 261 275 271
 275 261 74
 74 263 275
 263 61 273
 273 275 263
 275 273 76
 61 263 204
 263 74 260
 260 204 263
 204 260 12
 23 271 257
 271 76 274
 274 257 271
 257 274 73
 76 270 272
 270 20 199
 199 272 270
 272 199 59
 59 258 272
 258 73 274
 274 272 258
 272 274 76
 73 258 256
 258 59 198
 198 256 258
 256 198 8


