# Created by Octave 3.8.1, Tue Jul 15 08:59:48 2014 IST <jinank@turingmachine>
# name: l1spaceesti
# type: matrix
# rows: 4
# columns: 1
 1.227451133028671
 0.2995910567851586
 0.07450752473680061
 0.01873632525776979


