# Created by Octave 3.8.1, Tue Jul 15 09:00:19 2014 IST <jinank@turingmachine>
# name: maxl2reconsesti
# type: matrix
# rows: 4
# columns: 1
 1.325081474710644
 0.4423263999080306
 0.1310062242324724
 0.03686595443705466


