# Created by Octave 3.8.1, Tue Jul 15 09:00:37 2014 IST <jinank@turingmachine>
# name: spaceestimate1
# type: matrix
# rows: 4
# columns: 1
 0.1612650237271498
 0.03023719194884058
 0.005039531991473434
 0.0007874268736677236


