# Created by Octave 3.8.1, Tue Jul 15 09:00:49 2014 IST <jinank@turingmachine>
# name: timereconesti1
# type: matrix
# rows: 4
# columns: 1
 0.002757155478274704
 0.0004238074606737565
 7.276668905657422e-05
 1.404352525016043e-05


