# Created by Octave 3.8.1, Tue Jul 15 09:01:02 2014 IST <jinank@turingmachine>
# name: timereconesti2
# type: matrix
# rows: 4
# columns: 1
 0.02300187796589372
 0.002600761996802537
 0.0003352197497335448
 5.673713865105819e-05


