# Created by Octave 3.8.1, Sat Jun 28 12:21:13 2014 IST <jinank@turingmachine>
# name: c4n
# type: matrix
# rows: 77
# columns: 2
 0 0
 1 0
 2 0
 2 1
 1 1
 0 1
 0.5 0.5
 1.5 0.5
 0.5 0
 1.5 0
 2 0.5
 1 0.5
 1.5 1
 0 0.5
 0.5 1
 0.25 0.25
 0.75 0.25
 0.75 0.75
 0.25 0.75
 1.25 0.25
 1.75 0.25
 1.75 0.75
 1.25 0.75
 0.25 0
 0.75 0
 1.25 0
 1.75 0
 2 0.25
 2 0.75
 1 0.25
 1 0.75
 1.75 1
 1.25 1
 0 0.25
 0 0.75
 0.75 1
 0.25 1
 0.125 0.125
 0.375 0.375
 0.375 0.125
 0.125 0.375
 0.875 0.125
 0.625 0.375
 0.625 0.125
 0.875 0.375
 0.5 0.25
 0.875 0.875
 0.625 0.625
 0.875 0.625
 0.625 0.875
 0.75 0.5
 0.125 0.875
 0.375 0.625
 0.125 0.625
 0.375 0.875
 0.25 0.5
 0.5 0.75
 1.125 0.125
 1.375 0.375
 1.375 0.125
 1.125 0.375
 1.875 0.125
 1.625 0.375
 1.625 0.125
 1.875 0.375
 1.5 0.25
 1.875 0.875
 1.625 0.625
 1.875 0.625
 1.625 0.875
 1.75 0.5
 1.125 0.875
 1.375 0.625
 1.125 0.625
 1.375 0.875
 1.25 0.5
 1.5 0.75


