# Created by Octave 3.8.1, Tue Jul 15 09:10:14 2014 IST <jinank@turingmachine>
# name: l1spaceesti
# type: matrix
# rows: 4
# columns: 1
 1.197553730066365
 0.2956226798034531
 0.07410410752915977
 0.01870169377838986


