# Created by Octave 3.8.1, Tue Jul 15 09:10:22 2014 IST <jinank@turingmachine>
# name: maxl2reconsesti
# type: matrix
# rows: 4
# columns: 1
 1.322609434351279
 0.4421527266221553
 0.1309937779906116
 0.03686508392938114


