# Created by Octave 3.8.1, Sat Jun 28 16:56:22 2014 IST <jinank@turingmachine>
# name: n4e
# type: matrix
# rows: 32
# columns: 3
 1 9 16
 9 2 17
 17 16 9
 16 17 7
 2 12 17
 12 5 18
 18 17 12
 17 18 7
 5 15 18
 15 6 19
 19 18 15
 18 19 7
 6 14 19
 14 1 16
 16 19 14
 19 16 7
 2 10 20
 10 3 21
 21 20 10
 20 21 8
 3 11 21
 11 4 22
 22 21 11
 21 22 8
 4 13 22
 13 5 23
 23 22 13
 22 23 8
 5 12 23
 12 2 20
 20 23 12
 23 20 8


